A = [3 1 0 0 4; 1 2 3 4 5; 6 7 8 9 0; 1 2 3 1 5; 2 3 2 1 2]
B = [1 2 3 4 5; 7 8 2 1 2; 5 2 7 2 1; 1 2 3 1 2; 1 2 5 6 2]
A + B
A - B
A * B
A \ B
A / B